  .00000000000
  .00000000000
  .00000000000
  .00000000000
  .00000000000
  .00000000000
  .00000000000
  .00000000000
  .00000000000
  .00000000000
  .00000000000
  .00000000000
  .00000000000
  .00000000000
  .00000000000
  .00000000000
  .00000000000
  .00000000000
  .00000000000
  .00000000000
  .00000000000
  .00000000000
  .00000000000
  .00000000000
  .00000000000
  .00000000000
  .00000000000
  .00000000000
  .00000000000
  .00000000000
  .00000000000
  .00000000000
  .00000000000
  .00000000000
  .00000000000
  .00000000000
  .00000000000
  .00000000000
  .00000000000
  .00000000000
  .00000000000
  .00000000000
  .00000000000
  .00000000000
  .00000000000
  .00000000000
  .00000000000
  .00000000000
  .00000000000
  .00000000000
  .00000000000
  .00000000000
  .00000000000
  .00000000000
  .00000000000
  .00000000000
  .00000000000
  .00000000000
  .00000000000
  .00000000000
  .00000000000
  .00000000000
  .00000000000
  .00000000000
  .00000000000
  .00000000000
  .00000000000
  .00000000000
  .00000000000
  .00000000000
  .00000000000
  .00000000000
  .00000000000
  .00000000000
  .00000000000
  .00000000000
  .00000000000
  .00000000000
  .00000000000
  .00000000000
  .00000000000
  .00000000000
  .00000000000
  .00000000000
  .00000000000
  .00000000000
  .00000000000
  .00000000000
  .00000000000
  .00000000000
  .00000000000
  .00000000000
  .00000000000
  .00000000000
  .00000000000
  .00000000000
  .00000000000
  .00000000000
  .00000000000
  .00000000000
  .00000000000
  .00000000000
  .00000000000
  .00000000000
  .00000000000
  .00000000000
  .00000000000
  .00000000000
  .00000000000
  .00000000000
  .00000000000
  .00000000000
  .00000000000
  .00000000000
  .00000000000
  .00000000000
  .00000000000
  .00000000000
  .00000000000
  .00000000000
  .00000000000
  .00000000000
  .00000000000
  .00000000000
  .00000000000
  .00000000000
  .00000000000
  .00000000000
  .00000000000
  .00000000000
  .00000000000
  .00000000000
  .00000000000
  .00000000000
  .00000000000
  .00000000000
  .00000000000
  .00000000000
  .00000000000
  .00000000000
  .00000000000
  .00000000000
  .00000000000
  .00000000000
  .00000000000
  .00000000000
  .00000000000
  .00000000000
  .00000000000
  .00000000000
  .00000000000
  .00000000000
  .00000000000
  .00000000000
  .00000000000
  .00000000000
  .00000000000
  .00000000000
  .00000000000
  .00000000000
  .00000000000
  .00000000000
  .00000000000
  .00000000000
  .00000000000
  .00000000000
  .00000000000
  .00000000000
  .00000000000
  .00000000000
  .00000000000
  .00000000000
  .00000000000
  .00000000000
  .00000000000
  .00000000000
  .00000000000
  .00000000000
  .00000000000
  .12477880716
  .13104258478
  .13735620677
  .14370952547
  .15009278059
  .15649628639
  .16291044652
  .16932593286
  .17573355138
  .18212437630
  .18848969042
  .19482102990
  .20111021399
  .20734928548
  .21353074908
  .21964703500
  .22569116950
  .23165643215
  .23753640056
  .24332493544
  .24901624024
  .25460481644
  .26008546352
  .26545333862
  .27070391178
  .27583292127
  .28083640337
  .28571075201
  .29045262933
  .29505899549
  .29952713847
  .30385455489
  .30803900957
  .31207886338
  .31597203016
  .31971734762
  .32331362367
  .32676002383
  .33005565405
  .33320042491
  .33619388938
  .33903613687
  .34172725677
  .34426766634
  .34665799141
  .34889900684
  .35099154711
  .35293677449
  .35473588109
  .35639029741
  .35790163279
  .35927140713
  .36050155759
  .36159393191
  .36255052686
  .36337357759
  .36406525970
  .36462780833
  .36506387591
  .36537563801
  .36556580663
  .36563706398
  .36559197307
  .36543327570
  .36516374350
  .36478629708
  .36430385709
  .36371925473
  .36303541064
  .36225527525
  .36138173938
  .36041790247
  .35936686397
  .35823139548
  .35701456666
  .35571959615
  .35434919596
  .35290667415
  .35139471292
  .34981641173
  .34817484021
  .34647285938
  .34471324086
  .34289914370
  .34103319049
  .33911830187
  .33715739846
  .33515301347
  .33310818672
  .33102527261
  .32890725136
  .32675659657
  .32457599044
  .32236787677
  .32013475895
  .31787917018
  .31560346484
  .31330996752
  .31100106239
  .30867895484
  .30634596944
  .30400416255
  .30165559053
  .29930254817
  .29694697261
  .29459074140
  .29223585129
  .28988403082
  .28753733635
  .28519734740
  .28286591172
  .28054451942
  .27823492885
  .27593865991
  .27365711331
  .27139180899
  .26914432645
  .26691594720
  .26470777392
  .26252129674
  .26035767794
  .25821802020
  .25610333681
  .25401499867
  .25195381045
  .24992077053
  .24791675806
  .24594280124
  .24399961531
  .24208809435
  .24020896852
  .23836280406
  .23655046523
  .23477247357
  .23302938044
  .23132173717
  .22965024412
  .22801516950
  .22641691566
  .22485597432
  .22333268821
  .22184732556
  .22040028870
  .21899166703
  .21762195230
  .21629093587
  .21499910951
  .21374644339
  .21253305674
  .21135896444
  .21022434533
  .20912903547
  .20807306468
  .20705647767
  .20607909560
  .20514087379
  .20424169302
  .20338140428
  .20255979896
  .20177669823
  .20103192329
  .20032519102
  .19965617359
  .19902487099
  .19843068719
  .19787351787
  .19735284150
  .19686853886
  .19642017782
  .19600717723
  .19562947750
  .19528634846
  .19497770071
  .19470283389
  .19446149468
  .19425301254
  .19407698512
  .19393303990
  .19382062554
  .19373938441
  .19368843734
  .19366762042
  .19367633760
  .19371396303
  .19377999008
  .19387377799
  .19399501383
  .19414295256
  .19431704283
  .19451676309
  .19474154711
  .19499075413
  .19526386261
  .19556021690
  .19587934017
  .19622054696
  .19658322632
  .19696705043
  .19737097621
  .19779469073
  .19823770225
  .19869911671
  .19917854667
  .19967527688
  .20018878579
  .20071858168
  .20126384497
  .20182403922
  .20239873230
  .20298714936
  .20358887315
  .20420321822
  .20482957363
  .20546734333
  .20611608028
  .20677532256
  .20744413137
  .20812223852
  .20880895853
  .20950376987
  .21020625532
  .21091553569
  .21163149178
  .21235327423
  .21308051050
  .21381260455
  .21454909444
  .21528930962
  .21603307128
  .21677951515
  .21752837300
  .21827910841
  .21903117001
  .21978412569
  .22053746879
  .22129087150
  .22204378247
  .22279572487
  .22354628146
  .22429496050
  .22504150867
  .22578532994
  .22652603686
  .22726330161
  .22799654305
  .22872559726
  .22944994271
  .23016925156
  .23088303208
  .23159120977
  .23229297996
  .23298841715
  .23367694020
  .23435828090
  .23503205180
  .23569816351
  .23635601997
  .23700529337
  .23764599860
  .23827746511
  .23889969289
  .23951227963
  .24011509120
  .24070753157
  .24128966033
  .24186120927
  .24242174625
  .24297115207
  .24350935221
  .24403578043
  .24455046654
  .24505314231
  .24554371834
  .24602171779
  .24648734927
  .24694015086
  .24737998843
  .24780668318
  .24822014570
  .24862021208
  .24900680780
  .24937961996
  .24973866343
  .25008365512
  .25041460991
  .25073143840
  .25103390217
  .25132203102
  .25159561634
  .25185459852
  .25209891796
  .25232860446
  .25254333019
  .25274324417
  .25292816758
  .25309816003
  .25325301290
  .25339290500
  .25351753831
  .25362709165
  .25372138619
  .25380051136
  .25386437774
  .25391301513
  .25394633412
  .25396451354
  .25396722555
  .25395491719
  .25392726064
  .25388434529
  .25382623076
  .25375291705
  .25366446376
  .25356087089
  .25344222784
  .25330850482
  .25315973163
  .25299605727
  .25281736255
  .25262391567
  .25241571665
  .25219270587
  .25195509195
  .25170275569
  .25143605471
  .25115475059
  .25085920095
  .25054931641
  .25022524595
  .24988695979
  .24953483045
  .24916867912
  .24878875911
  .24839505553
  .24798768759
  .24756681919
  .24713261425
  .24668501318
  .24622426927
  .24575036764
  .24526354671
  .24476389587
  .24425147474
  .24372650683
  .24318906665
  .24263915420
  .24207709730
  .24150300026
  .24091678858
  .24031886458
  .23970915377
  .23908801377
  .23845534027
  .23781141639
  .23715625703
  .23649023473
  .23581320047
  .23512557149
  .23442734778
  .23371866345
  .23299968243
  .23227058351
  .23153144121
  .23078249395
  .23002386093
  .22925566137
  .22847804427
  .22769124806
  .22689528763
  .22609050572
  .22527684271
  .22445444763
  .22362375259
  .22278459370
  .22193740308
  .22108206153
  .22021898627
  .21934805810
  .21846963465
  .21758379042
  .21669071913
  .21579048038
  .21488343179
  .21396943927
  .21304896474
  .21212190390
  .21118856966
  .21024900675
  .20930343866
  .20835195482
  .20739480853
  .20643207431
  .20546390116
  .20449042320
  .20351192355
  .20252838731
  .20154000819
  .20054699481
  .19954940677
  .19854751229
  .19754129648
  .19653107226
  .19551678002
  .19449883699
  .19347707927
  .19245192409
  .19142326713
  .19039152563
  .18935653567
  .18831871450
  .18727798760
  .18623460829
  .18518860638
  .18414027989
  .18308958411
  .18203681707
  .18098196387
  .17992526293
  .17886675894
  .17780664563
  .17674499750
  .17568196356
  .17461776733
  .17355227470
  .17248593271
  .17141857743
  .17035056651
  .16928181052
  .16821259260
  .16714286804
  .16607297957
  .16500277817
  .16393259168
  .16286236048
  .16179236770
  .16072256863
  .15965314209
  .15858417749
  .15751582384
  .15644808114
  .15538121760
  .15431514382
  .15325014293
  .15218615532
  .15112338960
  .15006187558
  .14900168777
  .14794306457
  .14688588679
  .14583046734
  .14477667212
  .14372481406
  .14267480373
  .14162684977
  .14058087766
  .13953718543
  .13849562407
  .13745650649
  .13641971350
  .13538545370
  .13435369730
  .13332468271
  .13229826093
  .13127468526
  .13025392592
  .12923613191
  .12822127342
  .12720954418
  .12620086968
  .12519545853
  .12419326603
  .12319435179
  .12219891697
  .12120680511
  .12021830678
  .11923328042
  .11825189739
  .11727415770
  .11630016565
  .11532992125
  .11436355114
  .11340097338
  .11244241148
  .11148774624
  .11053715646
  .10959057510
  .10864816606
  .10770985484
  .10677575320
  .10584588349
  .10492029786
  .10399900377
  .10308209807
  .10216952115
  .10126143694
  .10035775602
  .09945853055
  .09856392443
  .09767381102
  .09678831697
  .09590739012
  .09503116459
  .09415952861
  .09329266101
  .09243046492
  .09157305211
  .09072035551
  .08987250924
  .08902940154
  .08819120377
  .08735778183
  .08652928472
  .08570563048
  .08488691598
  .08407308161
  .08326422423
  .08246026933
  .08166132122
  .08086730540
  .08007829636
  .07929426432
  .07851521671
  .07774125785
  .07697223872
  .07620831579
  .07544937730
  .07469552755
  .07394668460
  .07320293784
  .07246419042
  .07173054665
  .07100193202
  .07027841359
  .06955992430
  .06884653121
  .06813816726
  .06743490696
  .06673666835
  .06604351848
  .06535539031
  .06467234343
  .06399430335
  .06332134455
  .06265339255
  .06199049950
  .06133260578
  .06067971140
  .06003187597
  .05938898772
  .05875114352
  .05811823532
  .05749033764
  .05686736852
  .05624939501
  .05563631281
  .05502820015
  .05442496389
  .05382666364
  .05323321745
  .05264470354
  .05206099525
  .05148217455
  .05090815201
  .05033898726
  .04977459460
  .04921501130
  .04866017029
  .04811010882
  .04756476358
  .04702415317
  .04648822919
  .04595698416
  .04543042183
  .04490848258
  .04439119995
  .04387850314
  .04337041080
  .04286685959
  .04236788303
  .04187342152
  .04138347507
  .04089799523
  .04041700810
  .03994043171
  .03946829215
  .03900054470
  .03853720427
  .03807817400
  .03762350976
  .03717313334
  .03672705591
  .03628522903
  .03584766388
  .03541429713
  .03498513252
  .03456012532
  .03413925692
  .03372253105
  .03330988437
  .03290133551
  .03249680623
  .03209633380
  .03169982880
  .03130732104
  .03091874346
  .03053410910
  .03015335649
  .02977649122
  .02940345742
  .02903426997
  .02866886184
  .02830724232
  .02794935741
  .02759520896
  .02724473178
  .02689795569
  .02655480243
  .02621528134
  .02587934025
  .02554697916
  .02521815151
  .02489283122
  .02457100153
  .02425267920
  .02393775433
  .02362624370
  .02331811935
  .02301339060
  .02271196432
  .02241384611
  .02211901359
  .02182746492
  .02153912559
  .02125399187
  .02097203210
  .02069326118
  .02041759528
  .02014502697
  .01987554133
  .01960913464
  .01934572868
  .01908533089
  .01882790588
  .01857345551
  .01832191274
  .01807327010
  .01782750338
  .01758458465
  .01734452322
  .01710724086
  .01687273383
  .01664097980
  .01641197689
  .01618565805
  .01596201770
  .01574102975
  .01552270073
  .01530695241
  .01509379037
  .01488318574
  .01467514224
  .01446958631
  .01426651981
  .01406591665
  .01386777777
  .01367203612
  .01347869169
  .01328771748
  .01309911162
  .01291281357
  .01272882149
  .01254710834
  .01236765366
  .01219045650
  .01201545447
  .01184264570
  .01167200692
  .01150353253
  .01133717038
  .01117291301
  .01101073902
  .01085064374
  .01069257408
  .01053652633
  .01038247719
  .01023042295
  .01008031145
  .00993213616
  .00978587754
  .00964153279
  .00949904975
  .00935842469
  .00921963528
  .00908267777
  .00894750375
  .00881410856
  .00868247263
  .00855257735
  .00842441618
  .00829794258
  .00817315187
  .00805002823
  .00792856235
  .00780871278
  .00769047253
  .00757382391
  .00745876087
  .00734524289
  .00723326346
  .00712280395
  .00701386062
  .00690639205
  .00680039357
  .00669584703
  .00659274636
  .00649105571
  .00639076717
  .00629186491
  .00619434332
  .00609816425
  .00600332394
  .00590980658
  .00581759494
  .00572668388
  .00563703803
  .00554865459
  .00546151493
  .00537561439
  .00529092178
  .00520742871
  .00512512261
  .00504399557
  .00496401777
  .00488518365
  .00480747782
  .00473089470
  .00465540634
  .00458100438
  .00450767763
  .00443541864
  .00436419994
  .00429401547
  .00422485266
  .00415670406
  .00408954592
  .00402337033
  .00395816565
  .00389391836
  .00383062381
  .00376825687
  .00370681216
  .00364627666
  .00358664524
  .00352789531
  .00347001967
  .00341300783
  .00335685373
  .00330153573
  .00324704754
  .00319337822
  .00314052310
  .00308846054
  .00303718424
  .00298668491
  .00293695694
  .00288798031
  .00283974945
  .00279225386
  .00274548959
  .00269943685
  .00265408983
  .00260944059
  .00256547844
  .00252219825
  .00247958302
  .00243762741
  .00239632209
  .00235566264
  .00231563160
  .00227622455
  .00223743310
  .00219925214
  .00216166559
  .00212466950
  .00208825455
  .00205241702
  .00201714132
  .00198242348
  .00194825511
  .00191463192
  .00188153959
  .00184897403
  .00181692757
  .00178539543
  .00175436528
  .00172383199
  .00169378880
  .00166422827
  .00163514668
  .00160653144
  .00157837861
  .00155068119
  .00152343523
  .00149662909
  .00147025881
  .00144431798
  .00141880335
  .00139370281
  .00136901322
  .00134472828
  .00132084463
  .00129735144
  .00127424521
  .00125152012
  .00122917304
  .00120719348
  .00118557853
  .00116432225
  .00114342163
  .00112286722
  .00000000000
