  .00000000000
  .00000000000
  .00000000000
  .00000000000
  .00000000000
  .00000000000
  .00000000000
  .00000000000
  .00000000000
  .00000000000
  .00000000000
  .00000000000
  .00000000000
  .00000000000
  .00000000000
  .00000000000
  .00000000000
  .00000000000
  .00000000000
  .00000000000
  .00000000000
  .00000000000
  .00000000000
  .00000000000
  .00000000000
  .00000000000
  .00000000000
  .00000000000
  .00000000000
  .00000000000
  .00000000000
  .00000000000
  .00000000000
  .00000000000
  .00000000000
  .00000000000
  .00000000000
  .00000000000
  .00000000000
  .00000000000
  .00000000000
  .00000000000
  .00000000000
  .00000000000
  .00000000000
  .00000000000
  .00000000000
  .00000000000
  .00000000000
  .00000000000
  .00000000000
  .00000000000
  .00000000000
  .00000000000
  .00000000000
  .00000000000
  .00000000000
  .00000000000
  .00000000000
  .00000000000
  .00000000000
  .00000000000
  .00000000000
  .00000000000
  .00000000000
  .00000000000
  .00000000000
  .00000000000
  .00000000000
  .00000000000
  .00000000000
  .00000000000
  .00000000000
  .00000000000
  .00000000000
  .00000000000
  .00000000000
  .00000000000
  .00000000000
  .00000000000
  .00000000000
  .00000000000
  .00000000000
  .00000000000
  .00000000000
  .00000000000
  .00000000000
  .00000000000
  .00000000000
  .00000000000
  .00000000000
  .00000000000
  .00000000000
  .00000000000
  .00000000000
  .00000000000
  .00000000000
  .00000000000
  .00000000000
  .00000000000
  .00000000000
  .00000000000
  .00000000000
  .00000000000
  .00000000000
  .00000000000
  .00000000000
  .00000000000
  .00000000000
  .00000000000
  .00000000000
  .00000000000
  .00000000000
  .00000000000
  .00000000000
  .00000000000
  .00000000000
  .00000000000
  .00000000000
  .00000000000
  .00000000000
  .00000000000
  .00000000000
  .00000000000
  .00000000000
  .00000000000
  .00000000000
  .00000000000
  .00000000000
  .00000000000
  .00000000000
  .00000000000
  .00000000000
  .00000000000
  .00000000000
  .00000000000
  .00000000000
  .00000000000
  .00000000000
  .00000000000
  .00000000000
  .00000000000
  .00000000000
  .00000000000
  .00000000000
  .00000000000
  .00000000000
  .00000000000
  .00000000000
  .00000000000
  .00000000000
  .00000000000
  .00000000000
  .00000000000
  .00000000000
  .00000000000
  .00000000000
  .00000000000
  .00000000000
  .00000000000
  .00000000000
  .00000000000
  .00000000000
  .00000000000
  .00000000000
  .00000000000
  .00000000000
  .00000000000
  .00000000000
  .00000000000
  .00000000000
  .00000000000
  .00000000000
  .00000000000
  .00000000000
  .00000000000
  .00000000000
  .00000000000
  .00000000000
  .00000361745
  .00000379626
  .00000397832
  .00000416355
  .00000435188
  .00000454322
  .00000473751
  .00000493467
  .00000513463
  .00000533731
  .00000554263
  .00000575054
  .00000596094
  .00000617379
  .00000638899
  .00000660648
  .00000682619
  .00000704804
  .00000727198
  .00000749792
  .00000772581
  .00000795556
  .00000818712
  .00000842041
  .00000865537
  .00000889193
  .00000913003
  .00000936959
  .00000961056
  .00000985287
  .00001009646
  .00001034125
  .00001058719
  .00001083422
  .00001108227
  .00001133128
  .00001158119
  .00001183194
  .00001208347
  .00001233572
  .00001258862
  .00001284213
  .00001309618
  .00001335071
  .00001360567
  .00001386101
  .00001411666
  .00001437257
  .00001462869
  .00001488496
  .00001514133
  .00001539775
  .00001565415
  .00001591050
  .00001616674
  .00001642281
  .00001667868
  .00001693428
  .00001718958
  .00001744452
  .00001769905
  .00001795312
  .00001820669
  .00001845972
  .00001871216
  .00001896395
  .00001921507
  .00001946546
  .00001971509
  .00001996391
  .00002021186
  .00002045893
  .00002070506
  .00002095021
  .00002119436
  .00002143744
  .00002167944
  .00002192030
  .00002215999
  .00002239849
  .00002263574
  .00002287171
  .00002310639
  .00002333971
  .00002357165
  .00002380218
  .00002403127
  .00002425887
  .00002448498
  .00002470954
  .00002493254
  .00002515393
  .00002537370
  .00002559182
  .00002580825
  .00002602296
  .00002623595
  .00002644717
  .00002665659
  .00002686421
  .00002706997
  .00002727389
  .00002747591
  .00002767603
  .00002787421
  .00002807045
  .00002826470
  .00002845696
  .00002864721
  .00002883542
  .00002902158
  .00002920566
  .00002938766
  .00002956756
  .00002974532
  .00002992094
  .00003009441
  .00003026570
  .00003043481
  .00003060173
  .00003076642
  .00003092889
  .00003108912
  .00003124709
  .00003140281
  .00003155624
  .00003170739
  .00003185625
  .00003200279
  .00003214703
  .00003228894
  .00003242850
  .00003256575
  .00003270063
  .00003283316
  .00003296333
  .00003309114
  .00003321656
  .00003333962
  .00003346029
  .00003357856
  .00003369445
  .00003380795
  .00003391904
  .00003402775
  .00003413404
  .00003423794
  .00003433942
  .00003443850
  .00003453517
  .00003462943
  .00003472128
  .00003481075
  .00003489780
  .00003498244
  .00003506468
  .00003514452
  .00003522196
  .00003529701
  .00003536968
  .00003543994
  .00003550784
  .00003557334
  .00003563647
  .00003569724
  .00003575563
  .00003581166
  .00003586535
  .00003591669
  .00003596569
  .00003601236
  .00003605668
  .00003609870
  .00003613840
  .00003617581
  .00003621091
  .00003624373
  .00003627428
  .00003630255
  .00003632856
  .00003635232
  .00003637385
  .00003639314
  .00003641021
  .00003642507
  .00003643774
  .00003644823
  .00003645654
  .00003646268
  .00003646667
  .00003646851
  .00003646824
  .00003646584
  .00003646134
  .00003645477
  .00003644611
  .00003643538
  .00003642261
  .00003640779
  .00003639096
  .00003637211
  .00003635128
  .00003632847
  .00003630368
  .00003627694
  .00003624827
  .00003621767
  .00003618517
  .00003615078
  .00003611451
  .00003607638
  .00003603641
  .00003599461
  .00003595099
  .00003590558
  .00003585838
  .00003580942
  .00003575871
  .00003570627
  .00003565213
  .00003559626
  .00003553873
  .00003547952
  .00003541866
  .00003535617
  .00003529206
  .00003522636
  .00003515908
  .00003509024
  .00003501985
  .00003494793
  .00003487449
  .00003479956
  .00003472315
  .00003464529
  .00003456598
  .00003448526
  .00003440312
  .00003431960
  .00003423470
  .00003414844
  .00003406086
  .00003397195
  .00003388174
  .00003379027
  .00003369752
  .00003360351
  .00003350828
  .00003341184
  .00003331421
  .00003321539
  .00003311543
  .00003301433
  .00003291211
  .00003280877
  .00003270435
  .00003259885
  .00003249232
  .00003238475
  .00003227615
  .00003216656
  .00003205600
  .00003194447
  .00003183198
  .00003171858
  .00003160426
  .00003148905
  .00003137297
  .00003125601
  .00003113824
  .00003101962
  .00003090020
  .00003077999
  .00003065900
  .00003053726
  .00003041478
  .00003029158
  .00003016766
  .00003004308
  .00002991780
  .00002979188
  .00002966530
  .00002953811
  .00002941032
  .00002928193
  .00002915296
  .00002902345
  .00002889338
  .00002876280
  .00002863168
  .00002850009
  .00002836800
  .00002823546
  .00002810247
  .00002796906
  .00002783521
  .00002770096
  .00002756633
  .00002743131
  .00002729595
  .00002716023
  .00002702420
  .00002688784
  .00002675120
  .00002661426
  .00002647705
  .00002633958
  .00002620186
  .00002606392
  .00002592577
  .00002578740
  .00002564886
  .00002551014
  .00002537126
  .00002523222
  .00002509305
  .00002495376
  .00002481436
  .00002467485
  .00002453528
  .00002439562
  .00002425590
  .00002411615
  .00002397634
  .00002383653
  .00002369669
  .00002355687
  .00002341705
  .00002327726
  .00002313750
  .00002299779
  .00002285813
  .00002271854
  .00002257904
  .00002243962
  .00002230030
  .00002216111
  .00002202203
  .00002188309
  .00002174428
  .00002160563
  .00002146713
  .00002132882
  .00002119068
  .00002105275
  .00002091500
  .00002077747
  .00002064016
  .00002050307
  .00002036623
  .00002022963
  .00002009329
  .00001995721
  .00001982141
  .00001968589
  .00001955065
  .00001941571
  .00001928107
  .00001914675
  .00001901276
  .00001887908
  .00001874575
  .00001861276
  .00001848012
  .00001834783
  .00001821591
  .00001808436
  .00001795319
  .00001782240
  .00001769201
  .00001756201
  .00001743242
  .00001730324
  .00001717447
  .00001704613
  .00001691821
  .00001679073
  .00001666369
  .00001653710
  .00001641095
  .00001628527
  .00001616005
  .00001603528
  .00001591099
  .00001578717
  .00001566384
  .00001554100
  .00001541862
  .00001529678
  .00001517540
  .00001505454
  .00001493419
  .00001481435
  .00001469501
  .00001457620
  .00001445792
  .00001434015
  .00001422293
  .00001410622
  .00001399006
  .00001387445
  .00001375937
  .00001364483
  .00001353084
  .00001341741
  .00001330453
  .00001319221
  .00001308045
  .00001296924
  .00001285860
  .00001274854
  .00001263904
  .00001253010
  .00001242175
  .00001231396
  .00001220676
  .00001210014
  .00001199409
  .00001188862
  .00001178374
  .00001167944
  .00001157572
  .00001147261
  .00001137007
  .00001126813
  .00001116678
  .00001106601
  .00001096584
  .00001086626
  .00001076728
  .00001066890
  .00001057111
  .00001047392
  .00001037731
  .00001028131
  .00001018591
  .00001009111
  .00000999689
  .00000990329
  .00000981027
  .00000971786
  .00000962604
  .00000953483
  .00000944420
  .00000935417
  .00000926475
  .00000917591
  .00000908769
  .00000900004
  .00000891301
  .00000882656
  .00000874070
  .00000865544
  .00000857077
  .00000848670
  .00000840321
  .00000832032
  .00000823801
  .00000815629
  .00000807516
  .00000799462
  .00000791466
  .00000783527
  .00000775649
  .00000767827
  .00000760064
  .00000752358
  .00000744710
  .00000737120
  .00000729587
  .00000722111
  .00000714692
  .00000707331
  .00000700025
  .00000692777
  .00000685585
  .00000678450
  .00000671369
  .00000664346
  .00000657378
  .00000650465
  .00000643608
  .00000636806
  .00000630058
  .00000623366
  .00000616728
  .00000610144
  .00000603614
  .00000597139
  .00000590716
  .00000584347
  .00000578032
  .00000571769
  .00000565559
  .00000559402
  .00000553297
  .00000547244
  .00000541243
  .00000535293
  .00000529396
  .00000523549
  .00000517752
  .00000512006
  .00000506312
  .00000500667
  .00000495072
  .00000489527
  .00000484030
  .00000478583
  .00000473185
  .00000467836
  .00000462535
  .00000457281
  .00000452077
  .00000446919
  .00000441808
  .00000436745
  .00000431729
  .00000426758
  .00000421835
  .00000416957
  .00000412124
  .00000407338
  .00000402596
  .00000397900
  .00000393248
  .00000388640
  .00000384076
  .00000379556
  .00000375080
  .00000370647
  .00000366257
  .00000361910
  .00000357604
  .00000353342
  .00000349121
  .00000344941
  .00000340803
  .00000336706
  .00000332649
  .00000328633
  .00000324658
  .00000320722
  .00000316826
  .00000312969
  .00000309151
  .00000305372
  .00000301632
  .00000297930
  .00000294265
  .00000290639
  .00000287050
  .00000283498
  .00000279983
  .00000276504
  .00000273063
  .00000269656
  .00000266286
  .00000262951
  .00000259652
  .00000256387
  .00000253157
  .00000249961
  .00000246800
  .00000243672
  .00000240578
  .00000237518
  .00000234490
  .00000231495
  .00000228533
  .00000225603
  .00000222705
  .00000219839
  .00000217004
  .00000214201
  .00000211428
  .00000208686
  .00000205975
  .00000203294
  .00000200642
  .00000198021
  .00000195429
  .00000192865
  .00000190331
  .00000187826
  .00000185349
  .00000182900
  .00000180478
  .00000178085
  .00000175719
  .00000173380
  .00000171068
  .00000168783
  .00000166524
  .00000164292
  .00000162085
  .00000159904
  .00000157749
  .00000155619
  .00000153513
  .00000151433
  .00000149377
  .00000147345
  .00000145338
  .00000143354
  .00000141394
  .00000139457
  .00000137544
  .00000135653
  .00000133786
  .00000131940
  .00000130117
  .00000128316
  .00000126537
  .00000124780
  .00000123044
  .00000121329
  .00000119635
  .00000117962
  .00000116310
  .00000114678
  .00000113066
  .00000111474
  .00000109902
  .00000108349
  .00000106816
  .00000105302
  .00000103807
  .00000102330
  .00000100873
  .00000099433
  .00000098012
  .00000096609
  .00000095223
  .00000093856
  .00000092505
  .00000091172
  .00000089856
  .00000088557
  .00000087274
  .00000086008
  .00000084759
  .00000083525
  .00000082308
  .00000081106
  .00000079920
  .00000078749
  .00000077594
  .00000076454
  .00000075329
  .00000074218
  .00000073123
  .00000072041
  .00000070974
  .00000069922
  .00000068883
  .00000067858
  .00000066846
  .00000065848
  .00000064864
  .00000063893
  .00000062934
  .00000061989
  .00000061056
  .00000060137
  .00000059229
  .00000058334
  .00000057451
  .00000056580
  .00000055721
  .00000054874
  .00000054038
  .00000053214
  .00000052401
  .00000051599
  .00000050808
  .00000050029
  .00000049260
  .00000048502
  .00000047754
  .00000047017
  .00000046290
  .00000045573
  .00000044866
  .00000044170
  .00000043483
  .00000042805
  .00000042138
  .00000041479
  .00000040830
  .00000040191
  .00000039560
  .00000038938
  .00000038326
  .00000037722
  .00000037126
  .00000036539
  .00000035961
  .00000035391
  .00000034829
  .00000034276
  .00000033730
  .00000033192
  .00000032662
  .00000032140
  .00000031625
  .00000031118
  .00000030619
  .00000030126
  .00000029641
  .00000029163
  .00000028692
  .00000028228
  .00000027771
  .00000027321
  .00000026877
  .00000026440
  .00000026010
  .00000025586
  .00000025168
  .00000024756
  .00000024351
  .00000023952
  .00000023558
  .00000023171
  .00000022789
  .00000022414
  .00000022044
  .00000021679
  .00000021320
  .00000020967
  .00000020619
  .00000020276
  .00000019939
  .00000019606
  .00000019279
  .00000018957
  .00000018639
  .00000018327
  .00000018020
  .00000017717
  .00000017419
  .00000017125
  .00000016836
  .00000016552
  .00000016272
  .00000015996
  .00000015725
  .00000015458
  .00000015195
  .00000014936
  .00000014682
  .00000014431
  .00000014184
  .00000013942
  .00000013703
  .00000013468
  .00000013236
  .00000013008
  .00000012784
  .00000012564
  .00000012347
  .00000012133
  .00000011923
  .00000011716
  .00000011513
  .00000011313
  .00000011116
  .00000010922
  .00000010731
  .00000000000
  .00000000000
  .00000000000
  .00000000000
  .00000000000
  .00000000000
  .00000000000
  .00000000000
  .00000000000
  .00000000000
  .00000000000
  .00000000000
  .00000000000
  .00000000000
  .00000000000
  .00000000000
  .00000000000
  .00000000000
  .00000000000
  .00000000000
  .00000000000
  .00000000000
  .00000000000
  .00000000000
  .00000000000
  .00000000000
  .00000000000
  .00000000000
  .00000000000
  .00000000000
  .00000000000
  .00000000000
  .00000000000
  .00000000000
  .00000000000
  .00000000000
  .00000000000
  .00000000000
  .00000000000
  .00000000000
  .00000000000
  .00000000000
  .00000000000
  .00000000000
  .00000000000
  .00000000000
  .00000000000
  .00000000000
  .00000000000
  .00000000000
  .00000000000
