  .00000000000
  .00000000000
  .00000000000
  .00000000000
  .00000000000
  .00000000000
  .00000000000
  .00000000000
  .00000000000
  .00000000000
  .00000000000
  .00000000000
  .00000000000
  .00000000000
  .00000000000
  .00000000000
  .00000000000
  .00000000000
  .00000000000
  .00000000000
  .00000000000
  .00000000000
  .00000000000
  .00000000000
  .00000000000
  .00000000000
  .00000000000
  .00000000000
  .00000000000
  .00000000000
  .00000000000
  .00000000000
  .00000000000
  .00000000000
  .00000000000
  .00000000000
  .00000000000
  .00000000000
  .00000000000
  .00000000000
  .00000000000
  .00000000000
  .00000000000
  .00000000000
  .00000000000
  .00000000000
  .00000000000
  .00000000000
  .00000000000
  .00000000000
  .00000000000
  .00000000000
  .00000000000
  .00000000000
  .00000000000
  .00000000000
  .00000000000
  .00000000000
  .00000000000
  .00000000000
  .00000000000
  .00000000000
  .00000000000
  .00000000000
  .00000000000
  .00000000000
  .00000000000
  .00000000000
  .00000000000
  .00000000000
  .00000000000
  .00000000000
  .00000000000
  .00000000000
  .00000000000
  .00000000000
  .00000000000
  .00000000000
  .00000000000
  .00000000000
  .00000000000
  .00000000000
  .00000000000
  .00000000000
  .00000000000
  .00000000000
  .00000000000
  .00000000000
  .00000000000
  .00000000000
  .00000000000
  .00000000000
  .00000000000
  .00000000000
  .00000000000
  .00000000000
  .00000000000
  .00000000000
  .00000000000
  .00000000000
  .00000000000
  .00000000000
  .00000000000
  .00000000000
  .00000000000
  .00000000000
  .00000000000
  .00000000000
  .00000000000
  .00000000000
  .00000000000
  .00000000000
  .00000000000
  .00000000000
  .00000000000
  .00000000000
  .00000000000
  .00000000000
  .00000000000
  .00000000000
  .00000000000
  .00000000000
  .00000000000
  .00000000000
  .00000000000
  .00000000000
  .00000000000
  .00000000000
  .00000000000
  .00000000000
  .00000000000
  .00000000000
  .00000000000
  .00000000000
  .00000000000
  .00000000000
  .00000000000
  .00000000000
  .00000000000
  .00000000000
  .00000000000
  .00000000000
  .00000000000
  .00000000000
  .00000000000
  .00000000000
  .00000000000
  .00000000000
  .00000000000
  .00000000000
  .00000000000
  .00000000000
  .00000000000
  .00000000000
  .00000000000
  .00000000000
  .00000000000
  .00000000000
  .00000000000
  .00000000000
  .00000000000
  .00000000000
  .00000000000
  .00000000000
  .00000000000
  .00000000000
  .00000000000
  .00000000000
  .00000000000
  .00000000000
  .00000000000
  .00000000000
  .00000000000
  .00000000000
  .00000000000
  .00000000000
  .00000000000
  .00000000000
  .00000000000
  .12929193676
  .13617971539
  .13716159761
  .13792626560
  .14472366869
  .15747296810
  .16969475150
  .17522469163
  .17459516227
  .17458769679
  .18156598508
  .19526697695
  .20898586512
  .21579208970
  .21486972272
  .21226178110
  .21555553377
  .22733037174
  .24297995865
  .25455066562
  .25721982121
  .25311779976
  .24960528314
  .25357747078
  .26627686620
  .28243562579
  .29416707158
  .29660204053
  .29123774171
  .28481367230
  .28469815850
  .29401940107
  .30971649289
  .32459965348
  .33191260695
  .32945954800
  .32082638144
  .31313642859
  .31284064054
  .32206118107
  .33750760555
  .35241854191
  .36029618979
  .35834378004
  .34882411361
  .33776590228
  .33183002472
  .33500224352
  .34673443437
  .36233824492
  .37530541420
  .38036286831
  .37582549453
  .36423760653
  .35112851858
  .34253931046
  .34244957566
  .35118779540
  .36541619897
  .37959474325
  .38824990392
  .38810417056
  .37925967574
  .36504563689
  .35067549348
  .34128206968
  .34007748961
  .34728831053
  .36018195748
  .37410658598
  .38412567973
  .38666397333
  .38062512875
  .36765477061
  .35152283311
  .33687481284
  .32777881622
  .32652193308
  .33299782872
  .34482765198
  .35812923312
  .36867362261
  .37307852507
  .36970710754
  .35904541612
  .34349417686
  .32666689157
  .31240957975
  .30381375551
  .30246886611
  .30812808871
  .31883823872
  .33147525787
  .34252852201
  .34893456101
  .34876421094
  .34161657095
  .32864978909
  .31226706505
  .29554781318
  .28156420588
  .27273449302
  .27034673095
  .27433925867
  .28336545825
  .29511237144
  .30679240823
  .31570139527
  .31973230839
  .31774798036
  .30975630879
  .29686301947
  .28103119135
  .26469787955
  .25032764673
  .23998539150
  .23499891162
  .23576307297
  .24171099067
  .25144484639
  .26299443841
  .27415436506
  .28284129500
  .28741395473
  .28690752387
  .28115490079
  .27078005672
  .25707641244
  .24179190397
  .22686055303
  .21412037313
  .20505961776
  .20062479377
  .20111145079
  .20614987612
  .21477991343
  .22559994459
  .23696558177
  .24721030891
  .25485721231
  .25879639387
  .25840824842
  .25362047553
  .24489562213
  .23315617442
  .21965812147
  .20583310723
  .19311715662
  .18278786540
  .17582775652
  .17282633483
  .17393080890
  .17884704471
  .18688713014
  .19705705345
  .20817175508
  .21898397803
  .22831353545
  .23516343534
  .23881202936
  .23887346685
  .23532238603
  .22848321497
  .21898613870
  .20769636333
  .19562582672
  .18383416533
  .17333248258
  .16499289870
  .15947751701
  .15718840063
  .15824157000
  .16246904433
  .16944174469
  .17851650715
  .18889603019
  .19970051944
  .21004134417
  .21909235418
  .22615320981
  .23069888353
  .23241449893
  .23121124506
  .22722478211
  .22079685330
  .21244248748
  .20280611515
  .19260936975
  .18259726465
  .17348419130
  .16590471566
  .16037273407
  .15725021064
  .15672835708
  .15882091224
  .16336910427
  .17005918920
  .17844811082
  .18799616396
  .19810605049
  .20816159248
  .21756727993
  .22578446567
  .23236201704
  .23696056008
  .23936864734
  .23951067030
  .23744644225
  .23336294293
  .22755828500
  .22042165697
  .21240714192
  .20400662720
  .19572068751
  .18803153932
  .18137674034
  .17612768710
  .17257228494
  .17090274394
  .17120882869
  .17347703874
  .17759448290
  .18335972726
  .19049318135
  .19865719974
  .20747138560
  .21653561294
  .22544707358
  .23382306099
  .24131403863
  .24762302637
  .25251430273
  .25582355261
  .25746262074
  .25742065907
  .25576126575
  .25261786580
  .24818444252
  .24270601571
  .23646472394
  .22976879776
  .22293542325
  .21628040075
  .21010248363
  .20467369258
  .20022751391
  .19695235789
  .19498436153
  .19440470636
  .19523817301
  .19745366275
  .20096875727
  .20565254986
  .21133479476
  .21781124175
  .22485497594
  .23222285509
  .23966659606
  .24694293737
  .25381883979
  .26008328795
  .26555064321
  .27006873488
  .27352052927
  .27582946420
  .27695852518
  .27691057324
  .27572768927
  .27348738909
  .27029892802
  .26629903913
  .26164638996
  .25651520491
  .25109004974
  .24555863440
  .24010717869
  .23491263390
  .23014031351
  .22593662143
  .22242756188
  .21971373260
  .21786969900
  .21694229543
  .21694982052
  .21788312495
  .21970684826
  .22236064076
  .22576273978
  .22981218994
  .23439306021
  .23937739432
  .24463029206
  .25001195073
  .25538375974
  .26061007380
  .26556327939
  .27012509108
  .27419146895
  .27767223120
  .28049525619
  .28260594606
  .28396901488
  .28456786275
  .28440502286
  .28350090981
  .28189298511
  .27963384986
  .27679011226
  .27343916893
  .26966851950
  .26557186246
  .26124775410
  .25679636002
  .25231811404
  .24790994823
  .24366508424
  .23966918886
  .23600053787
  .23272690177
  .22990606725
  .22758349776
  .22579269111
  .22455470264
  .22387798131
  .22375915945
  .22418248653
  .22512218356
  .22654169798
  .22839620709
  .23063263297
  .23319245875
  .23601125181
  .23902204633
  .24215531349
  .24534091353
  .24851010740
  .25159558654
  .25453388691
  .25726535916
  .25973632932
  .26189872622
  .26371178031
  .26514151692
  .26616218686
  .26675543189
  .26691088080
  .26662626863
  .26590660214
  .26476386189
  .26321730018
  .26129186153
  .25901812315
  .25643131137
  .25357073545
  .25047889352
  .24720057845
  .24378213286
  .24027056992
  .23671285808
  .23315520585
  .22964186966
  .22621557117
  .22291545570
  .21977816522
  .21683579683
  .21411694586
  .21164534986
  .20944058895
  .20751699805
  .20588468015
  .20454850793
  .20350898802
  .20276226103
  .20229990780
  .20210996270
  .20217627287
  .20248010755
  .20299917459
  .20370931923
  .20458397269
  .20559540391
  .20671422780
  .20791111887
  .20915572345
  .21041870117
  .21167066693
  .21288344264
  .21403025091
  .21508574486
  .21602676809
  .21683193743
  .21748256683
  .21796213090
  .21825695038
  .21835599840
  .21825085580
  .21793588996
  .21740832925
  .21666784585
  .21571685374
  .21455988288
  .21320411563
  .21165844798
  .20993416011
  .20804372430
  .20600156486
  .20382304490
  .20152486861
  .19912424684
  .19663925469
  .19408807158
  .19148929417
  .18886102736
  .18622165918
  .18358846009
  .18097867072
  .17840810120
  .17589217424
  .17344473302
  .17107881606
  .16880582273
  .16663613915
  .16457848251
  .16264005005
  .16082687676
  .15914312005
  .15759180486
  .15617427230
  .15489061177
  .15373940766
  .15271821618
  .15182304382
  .15104912221
  .15039037168
  .14984008670
  .14939036965
  .14903289080
  .14875870943
  .14855821431
  .14842154086
  .14833861589
  .14829905331
  .14829255641
  .14830876887
  .14833754301
  .14836892486
  .14839322865
  .14840145409
  .14838452637
  .14833451807
  .14824350178
  .14810477197
  .14791165292
  .14765876532
  .14734095335
  .14695426822
  .14649499953
  .14596077800
  .14534938335
  .14465981722
  .14389137924
  .14304453135
  .14211986959
  .14111906290
  .14004412293
  .13889777660
  .13768307865
  .13640375435
  .13506375253
  .13366761804
  .13221995533
  .13072577119
  .12919043005
  .12761913240
  .12601761520
  .12439125776
  .12274580449
  .12108678371
  .11941979080
  .11775022000
  .11608342081
  .11442441493
  .11277830601
  .11114960909
  .10954286903
  .10796217620
  .10641146451
  .10489413887
  .10341356695
  .10197245330
  .10057347268
  .09921867400
  .09790996462
  .09664869308
  .09543614089
  .09427290410
  .09315950423
  .09209612012
  .09108246118
  .09011811018
  .08920221776
  .08833384514
  .08751157671
  .08673406392
  .08599943668
  .08530589193
  .08465126902
  .08403342217
  .08344989270
  .08289834112
  .08237608522
  .08188067377
  .08140929788
  .08095936477
  .08052813262
  .08011294156
  .07971110940
  .07932005078
  .07893716544
  .07855998725
  .07818610221
  .07781314850
  .07743905485
  .07706153393
  .07667881250
  .07628885657
  .07589013129
  .07548093796
  .07505997270
  .07462582737
  .07417750359
  .07371392846
  .07323435694
  .07273802906
  .07222449034
  .07169327140
  .07114420831
  .07057708502
  .06999201328
  .06938904524
  .06876850128
  .06813069433
  .06747618318
  .06680545956
  .06611926109
  .06541826576
  .06470334530
  .06397544593
  .06323543191
  .06248440221
  .06172333285
  .06095339730
  .06017567217
  .05939134955
  .05860153213
  .05780748650
  .05701030791
  .05621122941
  .05541137978
  .05461197719
  .05381406471
  .05301880464
  .05222723633
  .05144045129
  .05065938830
  .04988507554
  .04911834747
  .04836015776
  .04761124775
  .04687243700
  .04614437744
  .04542776197
  .04472319037
  .04403118789
  .04335225001
  .04268678278
  .04203516617
  .04139769077
  .04077464342
  .04016619548
  .03957251459
  .03899365664
  .03842971101
  .03788062558
  .03734638169
  .03682685271
  .03632193059
  .03583138436
  .03535504639
  .03489261493
  .03444383293
  .03400835395
  .03358586878
  .03317596391
  .03277826682
  .03239235282
  .03201778233
  .03165414184
  .03130092844
  .03095771000
  .03062396310
  .03029925749
  .02998304740
  .02967489697
  .02937427536
  .02908073552
  .02879375778
  .02851290815
  .02823768184
  .02796766721
  .02770236507
  .02744139358
  .02718428895
  .02693068236
  .02668014169
  .02643233538
  .02618687414
  .02594343945
  .02570168301
  .02546132915
  .02522207610
  .02498365380
  .02474581636
  .02450839058
  .02427108772
  .02403375134
  .02379620634
  .02355835214
  .02331997640
  .02308100276
  .02284132689
  .02260091156
  .02235962637
  .02211745828
  .02187436447
  .02163037099
  .02138542011
  .02113953792
  .02089275420
  .02064514160
  .02039668709
  .02014747448
  .01989757270
  .01964708231
  .01939604990
  .01914458163
  .01889278367
  .01864075474
  .01838864945
  .01813652366
  .01788451895
  .01763276756
  .01738141477
  .01713054627
  .01688031293
  .01663084328
  .01638230123
  .01613476314
  .01588838361
  .01564329490
  .01539964601
  .01515751332
  .01491704583
  .01467836089
  .01444159728
  .01420682296
  .01397417113
  .01374374330
  .01351565961
  .01328997780
  .01306680683
  .01284623053
  .01262833364
  .01241320558
  .01220088080
  .01199144311
  .01178495307
  .01158147492
  .01138102915
  .01118367165
  .01098944340
  .01079839002
  .01061050501
  .01042582933
  .01024437696
  .01006617770
  .00989120081
  .00971946865
  .00955097936
  .00938573852
  .00922370423
  .00906487834
  .00890923850
  .00875677913
  .00860744063
  .00846120995
  .00831805356
  .00817793421
  .00804082491
  .00790665857
  .00777540170
  .00764701236
  .00752144912
  .00739863934
  .00727854064
  .00716110086
  .00704627531
  .00693398621
  .00682418561
  .00671681575
  .00661182823
  .00650914246
  .00640870864
  .00631046668
  .00621436629
  .00612032879
  .00602830155
  .00593822729
  .00585005386
  .00576370303
  .00567912962
  .00559627358
  .00551507762
  .00543549657
  .00535745593
  .00528091332
  .00520581240
  .00513211219
  .00505974703
  .00498867361
  .00491884490
  .00485022273
  .00478274608
  .00471637957
  .00465107849
  .00458681351
  .00452352874
  .00446119159
  .00439976854
  .00433923118
  .00427953107
  .00422064401
  .00416253880
  .00410519261
  .00404856633
  .00399263902
  .00393738644
  .00388278207
  .00382881402
  .00377544784
  .00372266956
  .00367045938
  .00361880823
  .00356768817
  .00351708871
  .00346699590
  .00341740437
  .00336829084
  .00331964903
  .00327146892
  .00322374911
  .00317646936
  .00312962756
  .00308321696
  .00303723826
  .00299167633
  .00294653047
  .00290179695
  .00285747927
  .00281356391
  .00277005322
  .00272694696
  .00268424209
  .00264194352
  .00260004192
  .00255854102
  .00251744105
  .00247674761
  .00243645161
  .00239655911
  .00235707103
  .00231799204
  .00227931608
  .00224104896
  .00220319070
  .00216574850
  .00212871493
  .00209209672
  .00205589435
  .00202011364
  .00198474899
  .00194980472
  .00191528338
  .00188118895
  .00184751651
  .00181426993
  .00178145082
  .00174905942
  .00171710004
  .00168556720
  .00165446440
  .00162379176
  .00159355218
  .00156373985
  .00153435790
  .00150540576
  .00147688540
  .00144879078
  .00142112374
  .00139388314
  .00136707013
  .00134067819
  .00131470826
  .00128915859
  .00126402965
  .00123931421
  .00121501274
  .00119112246
  .00116764277
  .00114456681
  .00000000000
