         1375              1             8
         1100              2            11
         2103              3           117
         1192              4           102
         1192              4           103
         2775              4           104
         2988              4           105
         2660              6           369
         2775              6           370
         2988              6           371
         1375              7           224
         1375              7           225
         1375              7           226
         1375              7           227
         1882              8             4
         2156              9           314
         2180             10           143
         2774             12            97
         2774             12            98
         2774             12            99
         2774             12           100
         1754             13           310
         1754             13           311
         1754             13           312
         1754             13           313
         2832             14            40
         2832             14            41
         2832             14            42
         2832             14            43
          947             17           265
         2806             18           146
         3012             19           241
         1130             20            23
         1130             20            24
         2905             22           161
         2905             22           162
          966             24           316
         1375             27           109
         1375             27           110
         1375             27           111
         1375             27           112
         3765             28           147
         3840             29           164
         3840             29           165
         3690             30           231
         2575             32           189
         3765             32           190
         3850             37           118
         3517             41            25
         3733             41            26
         2575             43           304
         3850             43           305
         3733             44           393
         1050             46           275
         2292             47            44
         2497             48           270
         3850             48           271
         3765             49            35
         3765             51           159
         1892             52           356
         2894             53           624
         3027             54           385
          510             55           191
            1             56           339
         2686             59             2
         2696             59             3
         2686             61             9
         2686             61            10
         2785             62           397
         2000             63           283
         2000             63           284
         1375             64           245
         1375             64           246
         2785             65           237
         2785             65           238
         2785             65           239
         2785             65           240
         3817             66           121
         3817             66           122
         2785             68            80
         2785             68            81
         2905             68            82
         2905             68            83
         3817             69           295
         3817             69           296
         3817             69           297
         3817             69           298
         4250             70            88
         3817             71           144
         3817             71           145
         3817             72           299
         3817             72           300
         2785             73           354
         2785             73           355
         2785             74           148
         2785             74           149
         2785             74           150
         2785             74           151
         2785             74           152
         2785             74           153
         2785             75            93
         2785             75            94
         2785             75            95
         2785             75            96
         3817             76            19
         3817             76            20
         3817             77           273
         3817             77           274
          563             79           303
         2785             80           381
         2785             80           382
         2785             80           383
         2785             80           384
         2785             81            89
         2785             81            90
         2785             81            91
         2785             81            92
         3817             82           337
         3817             82           338
         4270             83            84
         4270             83            85
         2785             84            46
         2785             84            47
         2785             84            48
         2785             84            49
         3817             86            57
         3817             86            58
         3817             86            59
         3817             86            60
         2660             87           119
         2660             87           120
         1375             88           291
         1375             88           292
         1375             88           293
         1375             88           294
          660             89           362
          660             89           363
          802             90           201
          801             90           202
          801             91           195
          801             91           196
          693             92           325
          694             92           326
          801             93           268
          801             93           269
          801             94           250
          801             94           251
         1650            100           138
         1650            100           139
         3423            100           140
         3423            100           141
         2660            101           340
         2660            101           341
         1650            102           186
         1650            102           187
         2660            102           188
         1380            103           343
         2436            103           344
         2440            104           358
         2440            104           359
         2660            104           360
         2660            104           361
         3423            105           276
         3423            105           277
         3423            105           278
         3423            105           279
         1031            106           255
         1456            106           256
         2440            106           257
          714            107           263
          557            108           126
         1064            109           387
         3411            109           388
         1593            110           342
         1593            111           166
         2436            111           167
         3293            111           168
         3293            111           169
         3293            112           204
         3293            112           205
         3293            112           206
         3293            112           207
         3293            112           208
         3926            112           209
         3926            112           210
         1650            113           375
         1650            113           376
         3293            114           372
         1380            115           127
         2381            115           128
         2381            115           129
         2381            115           130
         2381            115           131
         3293            115           132
         3293            116           133
         3293            116           134
         3293            116           135
         3293            116           136
         1593            117           285
         2436            117           286
         2775            118           407
         2775            118           408
         2825            118           409
         2825            118           410
         1928            119           220
         1876            119           221
         2775            119           222
         2775            119           223
         2775            120           389
         2775            120           390
         2825            120           391
         2825            120           392
         2156            121           400
         2169            121           401
         1000            122             1
         4800            123           184
         4800            123           185
         1931            124           234
         1931            124           235
         1366            125            32
          433            128           203
         2180            130            61
           62            133           429
           62            133           430
           62            133           431
           62            133           432
         3200            134           456
         3200            134           457
         3200            134           458
         3200            134           459
         1375            135           441
         1375            135           442
         1375            135           443
         1375            135           444
         3200            136           479
         3200            136           480
         3200            136           481
         3000            137           435
         3000            137           436
         3200            138           451
         3200            138           452
         3200            138           453
         3200            138           454
         1375            139           464
         1375            139           465
         3000            139           466
         3000            142           419
         3000            142           420
         3000            142           421
         3000            142           422
           60            143           460
          150            143           461
         1470            147           427
         2270            151           328
         2440            151           329
         2775            151           330
         2775            151           331
         1800            152            14
         1375            153           288
         1800            153           289
         3300            153           290
         2928            155           123
         2928            155           124
         3200            155           125
         1876            156           230
         1375            157            28
         1375            157            29
         1375            157            30
         1375            157            31
         1375            158           258
         1375            158           259
         2785            159           248
         2785            159           249
         1775            160            75
         1775            160            76
         2894            161           232
         2894            161           233
         1375            162           333
         1375            162           334
         3000            162           335
         3000            163           211
         3200            164            73
         3000            165           348
         3000            165           349
         3000            165           350
         3200            166           413
         3200            166           414
         3200            166           415
         3200            166           416
         3200            166           417
         3200            166           418
         1500            167           170
         1500            167           171
         1555            169           377
         1555            169           378
          893            171           281
          893            171           282
         1500            172           172
         1500            172           173
         1556            172           174
         1555            172           175
          947            173           176
          947            173           177
         1500            173           178
         1500            173           179
          260            174            66
          260            174            67
          260            174            68
          260            174            69
          270            175            52
          270            175            53
          270            175            54
          270            175            55
         1496            176           182
         1496            176           183
         1760            180           405
         1730            180           406
          780            181           113
          780            181           114
         1550            181           115
         1550            181           116
          500            182            33
          500            182            34
          800            183           345
          800            183           346
         3411            183           347
         3817            185           564
         3817            185           565
         3817            185           566
         3390            186           586
         3390            186           587
         3323            188           619
         3338            189           515
         3411            189           516
         1998            196           573
         3411            197           589
         2700            198           552
         3579            198           553
         1593            200           610
         3071            203           539
         3025            203           540
         1930            204           562
         3411            205           583
         3411            205           584
         3293            206           536
         3293            207           548
         3293            207           549
         3293            208           601
         3293            208           602
         3293            209           569
         3293            209           570
         2436            210           541
         1850            211           555
         3323            211           556
         2700            212           504
         2700            212           505
         2441            213           599
         2441            213           600
         2568            214           603
         1520            215           580
         2893            216           557
         2893            216           558
         2416            217           499
         2436            217           500
         2775            218           592
         2300            219           532
         2700            220           597
         2700            220           598
         2200            221           606
         2200            221           607
         2652            223           489
         2652            223           490
         3411            224           614
         3411            224           615
         3411            225           507
         3411            225           508
         3579            226           571
         2775            227           611
         3565            228           612
         3565            228           613
         2436            229           524
         2436            229           525
         2544            230           513
         2568            231           559
         2568            231           560
         2568            231           561
         2772            232           514
         3292            233           528
         3411            235           617
         3411            236           590
         3411            236           591
         2652            237           542
         2652            237           543
         2530            240           563
         3250            241           517
         3411            241           518
         3293            242           496
         3293            242           497
         3292            242           498
         1518            243           574
         1518            243           575
         1650            244           544
         3411            246           494
         3411            246           495
         2527            247           520
         2527            247           521
         3323            248           546
         3323            248           547
         2894            249           509
         3411            250           501
         3411            250           502
         2511            251           578
         2511            251           579
         3410            252           616
         3833            253           531
         2894            255           582
         1658            256           522
         3565            257           503
         1650            258           576
         1650            258           577
         2568            259           487
         2815            259           488
         1670            261           554
         2381            262           512
         3411            263           620
         3817            264           595
         3817            264           596
         1500            265           529
         3411            268           510
         3411            268           511
         2775            269           215
         2775            269           216
           30            272           469