     40.166       44.133              1
        -34       -59.25              2
    -32.233      -64.449              3
     51.316        4.266              4
     51.216        5.083              5
     50.533        5.266              6
      43.75       23.633              7
        -23       -44.45              8
     45.066       -66.45              9
       46.4      -72.316             10
       46.2        -77.7             11
     43.883       -78.75             12
     43.816      -79.066             13
     44.333        -81.6             14
     44.333        -81.6             15
     46.717        6.833             16
     46.966        7.266             17
     47.366        7.966             18
     47.583        8.149             19
      47.55        8.216             20
     21.847      111.945             21
       22.6      114.533             22
       34.6      119.168             23
      30.45      120.933             24
      22.05      -80.583             25
     49.166       14.266             26
     49.083       16.133             27
     49.983       10.183             28
     48.516         10.4             29
       53.4       10.433             30
     52.606       11.851             31
       48.6         12.3             32
       48.6       12.316             33
      53.15           13             34
     54.133       13.666             35
     52.483          7.3             36
     52.466        7.316             37
     50.416        7.483             38
     51.683        7.983             39
     49.101          8.4             40
     49.716        8.416             41
       49.1        8.433             42
      49.25         8.45             43
     53.433        8.466             44
     50.044        8.983             45
     49.366        9.083             46
     53.916        9.116             47
     49.033        9.166             48
      53.85         9.35             49
     51.633          9.4             50
     52.033        9.416             51
     53.616        9.533             52
       39.2       -0.633             53
     40.702       -2.379             54
      40.35       -2.883             55
     42.766         -3.2             56
      43.25        -3.25             57
      39.15        -5.11             58
     39.807       -5.696             59
      43.41        -7.31             60
       41.2        0.566             61
     40.966        0.883             62
     61.233        21.45             63
     60.366       26.366             64
      45.26       -0.688             65
     49.535       -1.881             66
      48.25           -4             67
     47.229        0.167             68
     49.858        0.633             69
     46.457        0.659             70
     44.106        0.849             71
     49.975        1.211             72
      47.72        1.579             73
     51.016        2.144             74
     47.733        2.516             75
     47.507        2.877             76
     48.517         3.52             77
      44.15          4.7             78
     44.816          4.7             79
     44.329        4.732             80
     44.631        4.755             81
     45.405        4.755             82
      50.09        4.789             83
     45.795         5.27             84
     45.766        5.466             85
     49.413        6.216             86
     47.906        7.565             87
     46.572       18.854             88
     19.833         72.7             89
     21.266         73.4             90
     14.866        74.45             91
     24.883       75.633             92
     28.183       78.366             93
     12.583       80.183             94
     28.983       50.833             95
       41.4       12.766             96
     41.266       13.833             97
     45.183        8.283             98
     45.066        9.866             99
     33.516      129.833            100
     31.833        130.2            101
     33.483      132.316            102
     35.533          133            103
     35.516        135.5            104
     35.533       135.65            105
     35.683      135.966            106
     35.766          136            107
      35.75      136.016            108
     35.747      136.022            109
      37.05      136.733            110
     34.616       138.15            111
     37.416        138.6            112
     43.033      140.516            113
     36.461       140.61            114
     37.416          141            115
     37.316      141.033            116
       38.4        141.5            117
       35.5      126.416            118
     35.333      129.333            119
       37.1      129.383            120
      35.75        129.5            121
       44.6         50.3            122
       55.6       26.483            123
     19.725      -96.387            124
     51.433        3.716            125
       51.9        5.683            126
     14.678      120.271            127
     24.866       66.789            128
     32.533        71.55            129
     44.316       28.016            130
     45.308      134.977            131
     49.183      135.166            132
     68.033       166.25            133
       59.5        29.05            134
     67.466       32.466            135
     54.166       33.233            136
     57.916       35.083            137
     51.683       35.616            138
     51.283       39.216            139
      58.23        41.27            140
       47.6       42.116            141
     51.916       47.366            142
     54.233       49.616            143
     55.533       51.666            144
     56.166       54.216            145
      55.12        61.25            146
      56.85       61.316            147
     54.008       61.329            148
      65.05         65.5            149
     56.507       84.975            150
      57.25       12.116            151
       55.7       12.916            152
     57.416       16.666            153
       59.2        18.05            154
       60.4       18.166            155
     45.916       15.533            156
       48.5       17.683            157
      48.25        18.45            158
     21.966      120.733            159
       25.3      121.583            160
       25.2      121.666            161
     51.333       25.883            162
       50.6        26.55            163
     51.383         30.1            164
     47.816       31.216            165
     47.483       34.633            166
      54.65       -1.183            167
     51.683         -2.5            168
     55.966       -2.516            169
     50.683       -2.566            170
      51.65       -2.566            171
     54.033       -2.916            172
       51.2       -3.133            173
     55.016       -3.216            174
     54.416       -3.483            175
     54.416       -3.483            176
     54.416         -3.5            177
     58.583       -3.733            178
     52.916       -3.916            179
     53.416       -4.483            180
      50.55         0.58            181
      51.75        0.883            182
       52.2        1.616            183
  40.244444   -104.87417            184
  33.389722   -112.86194            185
  33.370278   -117.55694            186
      46.66      -119.57            187
  46.471389   -119.33306            188
  35.211667   -120.85444            189
  38.346111   -121.11889            190
  37.516667   -121.80833            191
  46.040833   -122.88444            192
  40.741944       -124.2            193
     18.342       -67.25            194
  43.950556   -69.696111            195
  41.944444   -70.579444            196
  42.898056   -70.851389            197
  41.308611   -72.168056            198
  41.481944   -72.499167            199
  42.780278   -72.515833            200
     40.779      -72.911            201
  42.728056   -72.924722            202
  41.271389     -73.9525            203
  39.814167   -74.206389            204
  39.462778   -75.535833            205
  39.467778   -75.538056            206
      40.22       -75.59            207
  41.091667   -76.148611            208
  39.758889   -76.269167            209
  43.523889   -76.398333            210
  43.522222       -76.41            211
  38.434722   -76.441944            212
  37.165556   -76.698333            213
  40.153056      -76.725            214
  43.291667   -77.308889            215
  38.060833   -77.790556            216
  33.958333   -78.010556            217
  35.633333   -78.956111            218
  34.405278   -80.158611            219
  27.348611   -80.246389            220
     25.435   -80.331389            221
     40.626      -80.415            222
  40.621944   -80.433889            223
  35.432222   -80.948333            224
  35.051389   -81.069444            225
  41.801111   -81.143333            226
  34.295833   -81.320278            227
  33.141944   -81.764722            228
  31.934167   -82.344444            229
  28.957222   -82.698889            230
  34.791667   -82.898611            231
  41.597222   -83.086389            232
  41.963333   -83.258611            233
     40.146      -84.258            234
  35.602778   -84.790278            235
  35.223333   -85.087778            236
  31.222778     -85.1125            237
  45.359167   -85.194722            238
  34.708889   -85.926667            239
  42.322222   -86.315278            240
  41.976111   -86.566389            241
  34.704167   -87.118611            242
  44.280833   -87.536111            243
  44.343056   -87.536111            244
  42.445556   -87.802222            245
  41.243611   -88.228889            246
  41.389722   -88.271111            247
  41.243889   -88.670833            248
  40.171944   -88.834167            249
     42.075   -89.281944            250
  41.726111       -90.31            251
     29.995   -90.471111            252
    32.0075   -91.048056            253
      43.56   -91.228333            254
  30.757222   -91.331667            255
  42.100556   -91.777222            256
  38.758333   -91.781667            257
  44.619444   -92.633056            258
  35.226667   -93.230833            259
     45.308      -93.574            260
  45.333333   -93.848333            261
  40.361944   -95.641111            262
  38.238889   -95.688889            263
     28.795   -96.048056            264
  41.520833   -96.076667            265
     43.547       -96.73            266
     40.538      -96.787            267
  32.297778      -97.785            268
     -33.65       18.416            269
      50.05        9.017            270
      43.65    25.116667            271
  55.096944    36.610278            272