  0.228063
  0.699212
  0.152932
  0.916455
  0.366550
  0.505722
  0.303042
  0.978564
  0.770700
  0.790026
  0.631458
  0.279830
  0.363293
  0.748481
  0.901816
  0.135668
  0.885127
  0.212867
  0.927348
  0.186677
  0.632294
  0.893626
  0.198695
  0.385509
  0.963727
  0.711231
  0.226636
  0.211864
  0.599326
  0.974699
  0.871786
  0.533791
  0.230405
  0.148321
  0.332005
  0.615569
  0.899695
  0.937853
  0.899918
  0.675394
  0.438387
  0.260422
  0.159478
  0.153172
  0.300260
  0.413168
  0.603573
  0.800604
  0.929161
  0.990833
  0.984316
  0.899200
  0.772254
  0.697370
  0.594629
  0.415442
  0.358515
  0.226168
  0.204031
  0.137130
  0.157314
  0.180415
  0.196368
  0.269457
  0.371861
  0.462711
  0.537979
  0.607649
  0.676739
  0.744679
  0.809718
  0.871067
  0.927586
  0.973655
  0.995917
  0.979767
  0.930881
  0.890069
  0.895428
  0.909399
  0.850536
  0.752243
  0.731024
  0.725007
  0.622261
  0.564533
  0.565014
  0.466499
  0.428674
  0.412680
  0.322576
  0.329272
  0.266095
  0.244335
  0.226547
  0.183875
  0.193799
  0.148767
  0.171779
  0.133079
  0.163912
  0.132736
  0.169833
  0.146707
  0.185475
  0.176911
  0.204359
  0.225024
  0.224675
  0.281791
  0.261013
  0.322028
  0.332562
  0.340284
  0.411090
  0.390356
  0.436935
  0.488534
  0.462508
  0.528347
  0.565766
  0.538818
  0.607618
  0.646363
  0.613594
  0.670868
  0.726398
  0.690614
  0.716191
  0.792474
  0.776996
  0.755359
  0.824671
  0.861608
  0.818128
  0.827565
  0.900461
  0.907401
  0.860075
  0.879960
  0.946945
  0.946757
  0.896781
  0.905760
  0.968149
  0.981011
  0.931073
  0.911956
  0.960182
  0.998978
  0.968920
  0.919980
  0.927590
  0.977943
  0.994428
  0.951754
  0.907766
  0.918383
  0.962914
  0.976726
  0.937237
  0.889142
  0.884723
  0.920657
  0.946089
  0.924572
  0.873919
  0.842557
  0.855154
  0.888491
  0.899067
  0.868538
  0.819915
  0.792149
  0.802045
  0.830421
  0.842319
  0.819336
  0.774374
  0.738207
  0.732374
  0.752269
  0.772891
  0.770109
  0.739205
  0.696928
  0.667420
  0.664115
  0.681024
  0.698439
  0.697498
  0.672787
  0.634851
  0.602152
  0.588761
  0.595961
  0.612470
  0.622162
  0.613919
  0.587640
  0.553451
  0.525296
  0.513051
  0.517561
  0.530895
  0.541110
  0.538605
  0.520712
  0.492471
  0.463622
  0.443666
  0.437486
  0.443483
  0.454779
  0.462637
  0.460368
  0.446007
  0.422782
  0.397403
  0.377097
  0.366721
  0.367041
  0.374749
  0.384004
  0.388778
  0.385065
  0.372159
  0.352669
  0.331366
  0.313409
  0.302589
  0.300174
  0.304683
  0.312554
  0.319408
  0.321464
  0.316642
  0.305069
  0.288883
  0.271476
  0.256435
  0.246518
  0.242953
  0.245201
  0.251225
  0.258130
  0.262976
  0.263530
  0.258791
  0.249149
  0.236200
  0.222281
  0.209865
  0.200967
  0.196714
  0.197141
  0.201255
  0.207316
  0.213271
  0.217208
  0.217757
  0.214339
  0.207235
  0.197483
  0.186614
  0.176326
  0.168142
  0.163126
  0.161711
  0.163653
  0.168119
  0.173867
  0.179496
  0.183702
  0.185497
  0.184361
  0.180307
  0.173846
  0.165874
  0.157507
  0.149892
  0.144018
  0.140573
  0.139854
  0.141742
  0.145740
  0.151068
  0.156790
  0.161957
  0.165743
  0.167555
  0.167103
  0.164422
  0.159856
  0.153994
  0.147581
  0.141414
  0.136238
  0.132654
  0.131048
  0.131558
  0.134064
  0.138218
  0.143492
  0.149249
  0.154823
  0.159592
  0.163051
  0.164859
  0.164869
  0.163141
  0.159921
  0.155606
  0.150705
  0.145771
  0.141351
  0.137928
  0.135875
  0.135424
  0.136651
  0.139470
  0.143652
  0.148850
  0.154637
  0.160543
  0.166106
  0.170907
  0.174605
  0.176968
  0.177886
  0.177372
  0.175564
  0.172702
  0.169109
  0.165160
  0.161251
  0.157767
  0.155053
  0.153387
  0.152966
  0.153887
  0.156151
  0.159660
  0.164231
  0.169611
  0.175497
  0.181559
  0.187463
  0.192895
  0.197580
  0.201300
  0.203907
  0.205327
  0.205566
  0.204705
  0.202893
  0.200335
  0.197279
  0.193997
  0.190770
  0.187871
  0.185549
  0.184014
  0.183429
  0.183897
  0.185466
  0.188118
  0.191780
  0.196324
  0.201580
  0.207345
  0.213390
  0.219482
  0.225386
  0.230885
  0.235785
  0.239926
  0.243190
  0.245503
  0.246837
  0.247213
  0.246698
  0.245395
  0.243444
  0.241012
  0.238285
  0.235456
  0.232721
  0.230268
  0.228270
  0.226876
  0.226208
  0.226354
  0.227370
  0.229273
  0.232044
  0.235631
  0.239950
  0.244890
  0.250320
  0.256090
  0.262041
  0.268012
  0.273841
  0.279378
  0.284484
  0.289040
  0.292946
  0.296130
  0.298546
  0.300174
  0.301022
  0.301127
  0.300546
  0.299361
  0.297671
  0.295590
  0.293244
  0.290761
  0.288276
  0.285919
  0.283814
  0.282073
  0.280800
  0.280077
  0.279972
  0.280531
  0.281782
  0.283731
  0.286362
  0.289643
  0.293523
  0.297934
  0.302795
  0.308016
  0.313495
  0.319127
  0.324806
  0.330425
  0.335880
  0.341073
  0.345917
  0.350333
  0.354254
  0.357629
  0.360417
  0.362598
  0.364161
  0.365116
  0.365482
  0.365294
  0.364601
  0.363461
  0.361940
  0.360114
  0.358063
  0.355871
  0.353624
  0.351407
  0.349303
  0.347392
  0.345747
  0.344434
  0.343512
  0.343029
  0.343026
  0.343529
  0.344558
  0.346117
  0.348202
  0.350800
  0.353884
  0.357421
  0.361369
  0.365678
  0.370293
  0.375153
  0.380194
  0.385350
  0.390553
  0.395736
  0.400833
  0.405781
  0.410520
  0.414995
  0.419158
  0.422963
  0.426377
  0.429368
  0.431916
  0.434006
  0.435633
  0.436798
  0.437511
  0.437788
  0.437652
  0.437132
  0.436262
  0.435084
  0.433639
  0.431976
  0.430144
  0.428194
  0.426178
  0.424149
  0.422159
  0.420256
  0.418490
  0.416905
  0.415542
  0.414440
  0.413632
  0.413147
  0.413007
  0.413232
  0.413834
  0.414821
  0.416194
  0.417952
  0.420085
  0.422581
  0.425421
  0.428584
  0.432043
  0.435770
  0.439733
  0.443895
  0.448221
  0.452671
  0.457208
  0.461791
  0.466380
  0.470936
  0.475421
  0.479798
  0.484032
  0.488090
  0.491941
  0.495559
  0.498919
  0.501999
  0.504782
  0.507254
  0.509404
  0.511226
  0.512715
  0.513874
  0.514705
  0.515216
  0.515417
  0.515323
  0.514950
  0.514317
  0.513445
  0.512359
  0.511082
  0.509643
  0.508070
  0.506390
  0.504635
  0.502832
  0.501013
  0.499206
  0.497440
  0.495743
  0.494141
  0.492661
  0.491326
  0.490158
  0.489177
  0.488401
  0.487847
  0.487528
  0.487455
  0.487637
  0.488081
  0.488791
  0.489769
  0.491013
  0.492521
  0.494288
  0.496306
  0.498565
  0.501055
  0.503762
  0.506672
  0.509768
  0.513032
  0.516447
  0.519992
  0.523647
  0.527392
  0.531204
  0.535062
  0.538944
  0.542829
  0.546696
  0.550523
  0.554291
  0.557979
  0.561569
  0.565043
  0.568384
  0.571577
  0.574608
  0.577464
  0.580133
  0.582606
  0.584873
  0.586929
  0.588767
  0.590384
  0.591778
  0.592947
  0.593893
  0.594618
  0.595125
  0.595420
  0.595510
  0.595400
  0.595101
  0.594623
  0.593976
  0.593171
  0.592222
  0.591142
  0.589945
  0.588645
  0.587257
  0.585796
  0.584277
  0.582717
  0.581130
  0.579532
  0.577938
  0.576363
  0.574822
  0.573329
  0.571898
  0.570542
  0.569273
  0.568104
  0.567044
  0.566106
  0.565298
  0.564628
  0.564104
  0.563734
  0.563523
  0.563475
  0.563595
  0.563885
  0.564348
  0.564984
  0.565793
  0.566776
  0.567928
  0.569249
  0.570734
  0.572379
  0.574179
  0.576129
  0.578221
  0.580449
  0.582805
  0.585280
  0.587865
  0.590553
  0.593332
  0.596193
  0.599126
  0.602120
  0.605166
  0.608251
  0.611366
  0.614499
  0.617641
  0.620780
  0.623905
  0.627007
  0.630076
  0.633102
  0.636075
  0.638986
  0.641827
  0.644589
  0.647264
  0.649845
  0.652325
  0.654697
  0.656956
  0.659097
  0.661114
  0.663004
  0.664762
  0.666386
  0.667874
  0.669222
  0.670431
  0.671500
  0.672427
  0.673214
  0.673862
  0.674372
  0.674746
  0.674986
  0.675096
  0.675078
  0.674938
  0.674678
  0.674304
  0.673821
  0.673233
  0.672547
  0.671769
  0.670905
  0.669961
  0.668944
  0.667860
  0.666717
  0.665522
  0.664282
  0.663004
  0.661695
  0.660362
  0.659014
  0.657656
  0.656297
  0.654943
  0.653601
  0.652278
  0.650981
  0.649715
  0.648488
  0.647305
  0.646172
  0.645095
  0.644079
  0.643129
  0.642250
  0.641446
  0.640721
  0.640080
  0.639525
  0.639060
  0.638689
  0.638412
  0.638234
  0.638154
  0.638176
  0.638300
  0.638527
  0.638858
  0.639292
  0.639831
  0.640472
  0.641216
  0.642062
  0.643008
  0.644053
  0.645195
  0.646431
  0.647759
  0.649177
  0.650682
  0.652271
  0.653940
  0.655687
  0.657506
  0.659396
  0.661350
  0.663367
  0.665441
  0.667567
  0.669743
  0.671962
  0.674221
  0.676515
  0.678839
  0.681188
  0.683558
  0.685945
  0.688342
  0.690747
  0.693153
  0.695557
  0.697954
  0.700339
  0.702708
  0.705057
  0.707381
  0.709677
  0.711940
  0.714166
  0.716353
  0.718495
  0.720590
  0.722634
  0.724625
  0.726559
  0.728432
  0.730244
  0.731991
  0.733671
  0.735281
  0.736821
  0.738287
  0.739679
  0.740995
  0.742233
  0.743393
  0.744475
  0.745476
  0.746397
  0.747238
  0.747998
  0.748677
  0.749276
  0.749794
  0.750234
  0.750594
  0.750876
  0.751082
  0.751211
  0.751266
  0.751248
  0.751159
  0.751000
  0.750772
  0.750479
  0.750122
  0.749703
  0.749225
  0.748689
  0.748098
  0.747456
  0.746763
  0.746023
  0.745239
  0.744414
  0.743550
  0.742649
  0.741716
  0.740752
  0.739761
  0.738746
  0.737710
  0.736655
  0.735585
  0.734502
  0.733410
  0.732311
  0.731209
  0.730106
  0.729005
  0.727908
  0.726820
  0.725741
  0.724676
  0.723626
  0.722594
  0.721584
  0.720596
  0.719633
  0.718698
  0.717794
  0.716921
  0.716082
  0.715279
  0.714514
  0.713789
  0.713106
  0.712465
  0.711869
  0.711319
  0.710817
  0.710363
  0.709959
  0.709605
  0.709303
  0.709054
  0.708858
  0.708716
  0.708629
  0.708597
  0.708620
  0.708699
  0.708834
  0.709026
  0.709273
  0.709576
  0.709935
  0.710349
  0.710819
  0.711344
  0.711923
  0.712556
  0.713242
  0.713980
  0.714770
  0.715611
  0.716501
  0.717440
  0.718428
  0.719461
  0.720541
  0.721664
  0.722830
  0.724038
  0.725287
  0.726574
  0.727898
  0.729258
  0.730653
  0.732080
  0.733538
  0.735026
  0.736542
  0.738083
  0.739650
  0.741239
  0.742849
  0.744478
  0.746125
  0.747787
  0.749463
  0.751152
  0.752851
  0.754559
  0.756273
  0.757993
  0.759716
  0.761441
  0.763166
  0.764889
  0.766609
  0.768324
  0.770032
  0.771731
  0.773421
  0.775099
  0.776765
  0.778416
  0.780050
  0.781668
  0.783267
  0.784845
  0.786402
  0.787937
  0.789447
  0.790932
  0.792390
  0.793821
  0.795224
  0.796596
  0.797938
  0.799248
  0.800526
  0.801771
  0.802981
  0.804156
  0.805295
  0.806398
  0.807464
  0.808492
  0.809482
  0.810433
  0.811346
  0.812218
  0.813051
  0.813844
  0.814596
  0.815308
  0.815979
  0.816609
  0.817197
  0.817745
  0.818252
  0.818718
  0.819143
  0.819527
  0.819871
  0.820174
  0.820437
  0.820661
  0.820844
  0.820989
  0.821095
  0.821163
  0.821193
  0.821185
  0.821141
  0.821061
  0.820945
  0.820794
  0.820609
  0.820390
  0.820138
  0.819854
  0.819538
